BALANCE:100
SAVINGS:3380.000000,500.000000,2025-10-12 22:34:27,2025-08-13 22:34:27,1
